(base) anthony@anthony-portable:~/LIFO/jouets/segmentation/GeST$ time python3.8 FINAL_APP.py -p ../dataset/XP/ -d val -m msp --hs 7 --hr 4.5 --mind 50 --sigma 125 
[0.8088079650232475]
[0.8088079650232475, 0.8065043186914216]
[0.8088079650232475, 0.8065043186914216, 0.806526146206862]
[0.8088079650232475, 0.8065043186914216, 0.806526146206862, 0.806505245707213]
[0.8088079650232475, 0.8065043186914216, 0.806526146206862, 0.806505245707213, 0.8064715548916065]
[0.8088079650232475, 0.8065043186914216, 0.806526146206862, 0.806505245707213, 0.8064715548916065, 0.8063300696007333]
[0.8088079650232475, 0.8065043186914216, 0.806526146206862, 0.806505245707213, 0.8064715548916065, 0.8063300696007333, 0.8068442617715502]
[0.8088079650232475, 0.8065043186914216, 0.806526146206862, 0.806505245707213, 0.8064715548916065, 0.8063300696007333, 0.8068442617715502, 0.8070319291736052]
[0.8088079650232475, 0.8065043186914216, 0.806526146206862, 0.806505245707213, 0.8064715548916065, 0.8063300696007333, 0.8068442617715502, 0.8070319291736052, 0.8068815128809973]
[0.8088079650232475, 0.8065043186914216, 0.806526146206862, 0.806505245707213, 0.8064715548916065, 0.8063300696007333, 0.8068442617715502, 0.8070319291736052, 0.8068815128809973, 0.8069894865274371]
0.8088079650232475 0.8069393677874522
