1: 299086.jpg 3 0.8411331283660711 0.8411331283660711 0.8278627394188869 0.8278627394188869
2: 241004.jpg 7 0.8720876117677968 0.9030420951695225 0.9124491651390348 0.8701559522789608
3: 3096.jpg 4 0.7441709583424513 0.4883376514917603 0.8335682146109485 0.8579600397229568
4: 351093.jpg 5 0.7712179052103512 0.8523587458140506 0.8568130954546624 0.8576733036558832
5: 54082.jpg 5 0.7671792892459253 0.7510248253882219 0.845045432955631 0.8551477295158327
6: 19021.jpg 8 0.774583788602674 0.8116062853864172 0.8773946569985502 0.8588555507629523
7: 296059.jpg 5 0.784343289559623 0.8429002953013169 0.8560446323185174 0.8584539909851759
8: 210088.jpg 6 0.7506449379627465 0.514756476784611 0.33315637927591346 0.7927917895215181
9: 86068.jpg 4 0.706996538727036 0.35780934484135296 0.4045620789658367 0.7496551550153313
10: 69040.jpg 3 0.6893477786527397 0.5305089379840724 0.39879380417245414 0.7145690199310436
11: 159008.jpg 6 0.6886885773554943 0.6820965643830397 0.7259102159396333 0.7156000377500062
12: 108070.jpg 5 0.6783884677617427 0.5650872622304757 0.5466446223418041 0.7015204197993228
13: 170057.jpg 4 0.6866095775017451 0.7852628943817749 0.7906977835924376 0.7083802170141777
14: 167062.jpg 3 0.6939179758855683 0.7889271548752688 0.8431347491541187 0.7180055407384592
15: 69015.jpg 7 0.7055596225265394 0.8685426755001352 0.7872410634672995 0.7226212422537153
16: 157055.jpg 8 0.7151360821930165 0.8587829771901729 0.8648114789116678 0.7315081320448373
17: 296007.jpg 3 0.7225349084706287 0.8409161289124245 0.8648911618938009 0.7393541926241881
18: 76053.jpg 5 0.7160501564280558 0.6058093717043163 0.6147498172362102 0.732431727324856
19: 119082.jpg 5 0.719228559855141 0.7764398215426737 0.8963937259896536 0.7410613062019505
20: 108005.jpg 6 0.7175536261309081 0.6857298853704838 0.7105394145108929 0.7395352116173977
21: 295087.jpg 7 0.721049080760039 0.7909581733426583 0.8629762887116526 0.7454133581456955
22: 148089.jpg 5 0.7225945480973083 0.7550493621799611 0.8182173802499936 0.7487226318777092
23: 271035.jpg 7 0.7257714336540491 0.7956629159023474 0.8462621357589398 0.7529634798725452
24: 130026.jpg 4 0.7169574682129431 0.5142362630675061 0.49058928596297247 0.7420312217929796
25: 41069.jpg 6 0.7189792387878505 0.7675017325856268 0.6942567139874292 0.7401202414807577
26: 219090.jpg 5 0.7209389981611628 0.7699329824939722 0.8731359129026555 0.7452362288431383
27: 253055.jpg 5 0.7215346083671347 0.737020473722401 0.7270435055002631 0.7445624242748837
28: 69020.jpg 7 0.7249604895697276 0.8174592820397383 0.7193193028126446 0.7436608842226609
29: 189080.jpg 7 0.7299612982009167 0.8699839398742115 0.8374718975987194 0.7468957467528698
30: 175043.jpg 5 0.7210665757470295 0.4631196245842994 0.25652133670977795 0.7305499330847668
31: 143090.jpg 5 0.7228781059025966 0.7772240105696112 0.8725227126438447 0.7351297001673176
32: 306005.jpg 6 0.7245960284624128 0.7778516278167144 0.7999529465080044 0.7371554266154641
33: 167083.jpg 6 0.7280315764587229 0.837969112340644 0.7796081465317096 0.7384418726735321
34: 361010.jpg 5 0.7284680911932156 0.7428730774314766 0.8560032863421076 0.7418995613108432
35: 8023.jpg 3 0.7272492756048516 0.6858095456004758 0.6385129457167131 0.7389456580081538
36: 38092.jpg 5 0.7313392032813852 0.8744866719600631 0.8565145622597077 0.7422114609040302
37: 12084.jpg 6 0.7255368445342748 0.5166519296382983 0.4988072468455986 0.7356329686321808
38: 216081.jpg 7 0.7280681080598557 0.8217248585063462 0.9150152391023536 0.7403535546971853
39: 106024.jpg 4 0.7274301761646536 0.7031887641469744 0.732503688783191 0.7401522760840059
40: 89072.jpg 6 0.7284869123089185 0.7696996219352522 0.8365883023019964 0.7425631767394557
41: 86016.jpg 4 0.7294979059816551 0.7699376528911176 0.7294978487481273 0.7422445102030819
42: 43074.jpg 4 0.7297385170387931 0.7396035703814503 0.8256952986760503 0.7442314337381526
43: 253027.jpg 3 0.7292486304120512 0.7086733920888925 0.655478177642746 0.7421674045266314
44: 385039.jpg 6 0.7306244371872852 0.7897841285223495 0.8615679158800316 0.744881052511936
45: 220075.jpg 6 0.7305229528519442 0.726057642096938 0.7965842811462636 0.7460300131482543
46: 134035.jpg 4 0.7269223823528305 0.564896709892715 0.6046169130357789 0.7429558153197223
47: 16077.jpg 6 0.7264647640870018 0.7054143238588786 0.7708729277807772 0.743549796435915
48: 285079.jpg 7 0.7276863480050584 0.7851007921537194 0.8291245674702166 0.7453326041657963
49: 147091.jpg 5 0.7279069494154201 0.7384958171127849 0.6894319262644041 0.7441917740045434
50: 58060.jpg 6 0.7280035876660307 0.7327388619459463 0.7174278761315709 0.743656496047084
51: 65033.jpg 5 0.7294784835750863 0.8032232790278648 0.836082137847573 0.745468763533368
52: 160068.jpg 4 0.7305846935388274 0.7870014016896251 0.910768824653576 0.7486476108626028
53: 197017.jpg 4 0.7336524621326829 0.8931764290131682 0.829386274042562 0.7501709818659983
54: 196073.jpg 2 0.7293346199559861 0.500488984591062 0.9231339327448715 0.7533739994748663
55: 38082.jpg 5 0.7276618114713703 0.637330153302116 0.6359592895734487 0.7512391865675677
56: 55073.jpg 4 0.7266381541773351 0.6703370030053969 0.8148453368328678 0.7523750106794481
57: 223061.jpg 4 0.7272538090642529 0.7617304827316449 0.73191875566056 0.7520161290124501
58: 101087.jpg 7 0.7295877675450961 0.8626234009531671 0.9385415369198963 0.7552320843211991
59: 87046.jpg 5 0.727665408731534 0.6161685975449231 0.6832348103869095 0.7540117915426519
60: 45096.jpg 5 0.7258745984456798 0.6202167915802849 0.8463393623319778 0.7555505843891406
61: 163085.jpg 4 0.725473551047241 0.701410707140914 0.7994183704010347 0.7562697284221225
62: 41033.jpg 6 0.7273204085439247 0.8399787158416281 0.7109042522443325 0.7555380271934484
63: 66053.jpg 4 0.7282053589217165 0.7830722823448115 0.7876870833912625 0.7560483296727789
64: 208001.jpg 7 0.7285278075399891 0.7488420704911674 0.8327019795839465 0.7572460429526409
65: 236037.jpg 5 0.7270252124688993 0.6308591279191492 0.6723994374147151 0.7559407105597497
66: 300091.jpg 4 0.7255842909913899 0.6319243949532798 0.5491079326011775 0.7528068805906805
67: 123074.jpg 5 0.726230495031054 0.7688799616488832 0.8206631011410199 0.7538196600018795
68: 304034.jpg 5 0.7242584184620413 0.5921292883381886 0.4224670449327609 0.7489468274273337
69: 175032.jpg 3 0.722834326447376 0.6259960694501394 0.7052524307625998 0.7483135753017578
70: 62096.jpg 5 0.7257129132675861 0.9243354038620855 0.7374818690434399 0.7481588366409246
71: 156065.jpg 6 0.7242866064464402 0.6244451289662175 0.5930819496390413 0.7459746551338559
72: 33039.jpg 5 0.7244431741431221 0.7355594806075413 0.7549364131175424 0.7460991239947404
73: 42049.jpg 3 0.7235963014966055 0.6626214709474116 0.9610443521450251 0.7490435791748813
74: 109053.jpg 4 0.7228459310581948 0.6680688890542166 0.7463723098822852 0.7490074809411976
75: 145086.jpg 7 0.7251064248561484 0.8923829659047081 0.8667605320349981 0.7505775216224483
76: 37073.jpg 4 0.7244864421403872 0.6779877384582969 0.7524108667247014 0.75060164458432
77: 260058.jpg 4 0.7247093527342183 0.74165055786539 0.7541517938972783 0.7506477504195532
78: 103070.jpg 6 0.7243324570314966 0.6953114879219184 0.7833325235349593 0.7510667859723148
79: 291000.jpg 5 0.7257741418625965 0.8382255586883934 0.7409830933301226 0.7509391442932998
80: 105025.jpg 7 0.7273304375797185 0.8502777992323536 0.8712328138193955 0.752442815162376
81: 108082.jpg 4 0.7255194498969646 0.5806404352766514 0.6458230838795944 0.7511265221835762
82: 241048.jpg 8 0.7272145062237407 0.8645140686926073 0.8858088353343303 0.752768989417122
83: 101085.jpg 7 0.7274356315317184 0.7455679067858865 0.9015881087242281 0.754561990854557
84: 148026.jpg 6 0.7282057028121505 0.7921216190880129 0.7803512765679489 0.7548690061606688
85: 42012.jpg 6 0.7287955655036329 0.7783440315881601 0.8649144208910563 0.7561636580986734
86: 24077.jpg 5 0.7292270917777997 0.7659068250819739 0.9144141690738465 0.7580037803193149
87: 126007.jpg 6 0.7314386232398962 0.921630328980191 0.9153857112290844 0.7598127680309215
88: 21077.jpg 4 0.7310505697293443 0.6972899143113418 0.7374196660985679 0.7595583009635083
89: 85048.jpg 8 0.7325729123240866 0.8665390606614034 0.9037105173249669 0.7611779887877944
90: 304074.jpg 5 0.7337138974933707 0.8352615775596502 0.8512971095921318 0.762179312352287
91: 182053.jpg 6 0.7350288015596327 0.8533701675232109 0.9232140750819993 0.7639489251295366
92: 227092.jpg 4 0.7362143577269087 0.8440999689490318 0.8831409615793181 0.7652444907431212
93: 14037.jpg 5 0.7375281062503161 0.8583929704037931 0.8823012663546536 0.7665031657496968
94: 86000.jpg 7 0.7385456657816644 0.8331787021970548 0.8249330605324745 0.7671247603750455
95: 376043.jpg 6 0.7397743297316227 0.8552687410277116 0.7360214658734827 0.7667973572750291
96: 97033.jpg 6 0.7399760006659014 0.7591347394223769 0.7554666807139326 0.7666793293941843
97: 229036.jpg 5 0.7392109976528509 0.6657707084 0.5783995657059189 0.7647383009025527
98: 102061.jpg 7 0.7402071457727618 0.8368335134041154 0.8350599538386572 0.7654558687896558
99: 302008.jpg 6 0.7407813699247044 0.7970553368150821 0.8461850199096336 0.7662713147605646
100: 78004.jpg 7 0.7417526391980535 0.8379082972596119 0.8952797369060503 0.7675613989820196
GeST PRI: 0.7417526391980535

