1: 299086.jpg 3 0.8411331283660711 0.8411331283660711 0.8278627394188869 0.8278627394188869
2: 241004.jpg 12 0.8849200140335074 0.9287068997009437 0.9124491651390348 0.8701559522789608
3: 3096.jpg 2 0.8767792173261159 0.8604976239113327 0.8335682146109485 0.8579600397229568
4: 351093.jpg 5 0.871060789870787 0.8539055075048004 0.8568130954546624 0.8576733036558832
5: 54082.jpg 13 0.8609130575411384 0.8203221282225446 0.845045432955631 0.8551477295158327
6: 19021.jpg 14 0.8592460003855336 0.850910714607509 0.8773946569985502 0.8588555507629523
7: 296059.jpg 7 0.8592946630562001 0.8595866390801987 0.8560446323185174 0.8584539909851759
8: 210088.jpg 1 0.8401265251023737 0.7059495594255896 0.33315637927591346 0.7927917895215181
9: 86068.jpg 1 0.8413277530910334 0.85093757700031 0.4045620789658367 0.7496551550153313
10: 69040.jpg 1 0.81979123962525 0.625962618433201 0.39879380417245414 0.7145690199310436
11: 159008.jpg 14 0.8106784671236271 0.719550742107398 0.7259102159396333 0.7156000377500062
12: 108070.jpg 9 0.792438148489859 0.5917946435184099 0.5466446223418041 0.7015204197993228
13: 170057.jpg 14 0.7967883871867921 0.8489912515499896 0.7906977835924376 0.7083802170141777
14: 167062.jpg 2 0.8086690660743612 0.9631178916127586 0.8431347491541187 0.7180055407384592
15: 69015.jpg 7 0.8127099342359088 0.8692820884975744 0.7872410634672995 0.7226212422537153
16: 157055.jpg 14 0.8162877790696526 0.869955451575809 0.8648114789116678 0.7315081320448373
17: 296007.jpg 5 0.8199913042267436 0.8792477067402011 0.8648911618938009 0.7393541926241881
18: 76053.jpg 6 0.8086064972112016 0.615064777946987 0.6147498172362102 0.732431727324856
19: 119082.jpg 13 0.813895589824863 0.9090992568707692 0.8963937259896536 0.7410613062019505
20: 108005.jpg 13 0.8094041633641665 0.7240670606109326 0.7105394145108929 0.7395352116173977
21: 295087.jpg 4 0.8106347246617693 0.8352459506138261 0.8629762887116526 0.7454133581456955
22: 148089.jpg 12 0.8107665405169037 0.8135346734747249 0.8182173802499936 0.7487226318777092
23: 271035.jpg 14 0.8116560890825207 0.8312261575260946 0.8462621357589398 0.7529634798725452
24: 130026.jpg 1 0.8006745701952441 0.5480996357878833 0.49058928596297247 0.7420312217929796
25: 41069.jpg 6 0.7994850952729138 0.7709376971369852 0.6942567139874292 0.7401202414807577
26: 219090.jpg 14 0.7995934202340709 0.8023015442629988 0.8731359129026555 0.7452362288431383
27: 253055.jpg 2 0.8050536599166448 0.947019891663565 0.7270435055002631 0.7445624242748837
28: 69020.jpg 11 0.8059367927130021 0.8297813782146501 0.7193193028126446 0.7436608842226609
29: 189080.jpg 9 0.8082779688238663 0.8738308999280623 0.8374718975987194 0.7468957467528698
30: 175043.jpg 2 0.8096379043509376 0.8490760346360077 0.25652133670977795 0.7305499330847668
31: 143090.jpg 6 0.8085899762433243 0.7771521330149241 0.8725227126438447 0.7351297001673176
32: 306005.jpg 11 0.8083557172105191 0.8010936871935612 0.7999529465080044 0.7371554266154641
33: 167083.jpg 8 0.809263133293495 0.8383004479487216 0.7796081465317096 0.7384418726735321
34: 361010.jpg 4 0.8100497150044594 0.8360069114662838 0.8560032863421076 0.7418995613108432
35: 8023.jpg 2 0.8093986735702972 0.7872632648087832 0.6385129457167131 0.7389456580081538
36: 38092.jpg 5 0.8114579542227961 0.8835327770602575 0.8565145622597077 0.7422114609040302
37: 12084.jpg 11 0.8039562441740322 0.5338946824185312 0.4988072468455986 0.7356329686321808
38: 216081.jpg 13 0.805880483347076 0.8770773327496973 0.9150152391023536 0.7403535546971853
39: 106024.jpg 2 0.8048135408539431 0.764269726114891 0.732503688783191 0.7401522760840059
40: 89072.jpg 14 0.805544025861114 0.8340329411407807 0.8365883023019964 0.7425631767394557
41: 86016.jpg 7 0.8056147840731963 0.8084451125564873 0.7294978487481273 0.7422445102030819
42: 43074.jpg 2 0.8063981175072769 0.8385147883045807 0.8256952986760503 0.7442314337381526
43: 253027.jpg 3 0.8041518588002704 0.7098089931060005 0.655478177642746 0.7421674045266314
44: 385039.jpg 8 0.8048474536689998 0.8347580330243639 0.8615679158800316 0.744881052511936
45: 220075.jpg 14 0.8045399806178751 0.7910111663683888 0.7965842811462636 0.7460300131482543
46: 134035.jpg 13 0.8001592657262311 0.6030270956022494 0.6046169130357789 0.7429558153197223
47: 16077.jpg 12 0.7999589316092103 0.7907435622262508 0.7708729277807772 0.743549796435915
48: 285079.jpg 12 0.800683564994302 0.8347413340936173 0.8291245674702166 0.7453326041657963
49: 147091.jpg 2 0.8021767896728224 0.8738515742417976 0.6894319262644041 0.7441917740045434
50: 58060.jpg 8 0.8010713715651859 0.7469058842909988 0.7174278761315709 0.743656496047084
51: 65033.jpg 6 0.8012100975924406 0.8081463989551733 0.836082137847573 0.745468763533368
52: 160068.jpg 7 0.8021261977738168 0.8488473070240055 0.910768824653576 0.7486476108626028
53: 197017.jpg 6 0.8042202307591767 0.9131099459978932 0.829386274042562 0.7501709818659983
54: 196073.jpg 1 0.8063183496370024 0.9175186501617668 0.9231339327448715 0.7533739994748663
55: 38082.jpg 14 0.8040000037191117 0.6788093241530121 0.6359592895734487 0.7512391865675677
56: 55073.jpg 14 0.8038383107909038 0.7949451997394712 0.8148453368328678 0.7523750106794481
57: 223061.jpg 4 0.8027962681329219 0.7444418792859304 0.73191875566056 0.7520161290124501
58: 101087.jpg 14 0.8047762562262073 0.9176355775434754 0.9385415369198963 0.7552320843211991
59: 87046.jpg 7 0.8021984978456963 0.652688511776062 0.6832348103869095 0.7540117915426519
60: 45096.jpg 2 0.801481904219492 0.7592028802734337 0.8463393623319778 0.7555505843891406
61: 163085.jpg 13 0.8011444603443355 0.7808978278349495 0.7994183704010347 0.7562697284221225
62: 41033.jpg 11 0.8024658131499849 0.8830683342945946 0.7109042522443325 0.7555380271934484
63: 66053.jpg 5 0.8026014283931092 0.8110095734668153 0.7876870833912625 0.7560483296727789
64: 208001.jpg 12 0.8027355133052227 0.8111828627683793 0.8327019795839465 0.7572460429526409
65: 236037.jpg 13 0.8003944748549331 0.6505680140363933 0.6723994374147151 0.7559407105597497
66: 300091.jpg 3 0.7999188818495753 0.7690053365013173 0.5491079326011775 0.7528068805906805
67: 123074.jpg 11 0.7999661305121516 0.8030845422421858 0.8206631011410199 0.7538196600018795
68: 304034.jpg 4 0.7994717193679375 0.7663461727055985 0.4224670449327609 0.7489468274273337
69: 175032.jpg 6 0.7979864529251084 0.6969883348127259 0.7052524307625998 0.7483135753017578
70: 62096.jpg 4 0.7996682940516847 0.9157153317854494 0.7374818690434399 0.7481588366409246
71: 156065.jpg 6 0.797827202623571 0.6689508026556111 0.5930819496390413 0.7459746551338559
72: 33039.jpg 14 0.79749972984652 0.7742491626758975 0.7549364131175424 0.7460991239947404
73: 42049.jpg 14 0.7974803129802098 0.796082298605881 0.9610443521450251 0.7490435791748813
74: 109053.jpg 13 0.796604139819632 0.732643499097448 0.7463723098822852 0.7490074809411976
75: 145086.jpg 6 0.7982101512577789 0.9170549976806575 0.8667605320349981 0.7505775216224483
76: 37073.jpg 14 0.7972470420785699 0.7250138536378913 0.7524108667247014 0.75060164458432
77: 260058.jpg 2 0.7984835184483869 0.8924557225544827 0.7541517938972783 0.7506477504195532
78: 103070.jpg 14 0.7982031737299791 0.7766166304125725 0.7833325235349593 0.7510667859723148
79: 291000.jpg 5 0.7984273724011506 0.8159148687525279 0.7409830933301226 0.7509391442932998
80: 105025.jpg 5 0.7994078595306874 0.8768663427640959 0.8712328138193955 0.752442815162376
81: 108082.jpg 9 0.7978914948525675 0.6765823206029735 0.6458230838795944 0.7511265221835762
82: 241048.jpg 13 0.7987953157251779 0.872004806406627 0.8858088353343303 0.752768989417122
83: 101085.jpg 14 0.7990492385900742 0.8198709135115605 0.9015881087242281 0.754561990854557
84: 148026.jpg 12 0.7994951083853014 0.8365023013891593 0.7803512765679489 0.7548690061606688
85: 42012.jpg 14 0.8002290246539783 0.8618779912228414 0.8649144208910563 0.7561636580986734
86: 24077.jpg 14 0.8010664854378698 0.8722506520686512 0.9144141690738465 0.7580037803193149
87: 126007.jpg 9 0.8026637553028827 0.940028963693992 0.9153857112290844 0.7598127680309215
88: 21077.jpg 3 0.8019048586901052 0.7358808533784564 0.7374196660985679 0.7595583009635083
89: 85048.jpg 14 0.8030340939018004 0.9024067925309753 0.9037105173249669 0.7611779887877944
90: 304074.jpg 10 0.8036956722815349 0.8625761480779156 0.8512971095921318 0.762179312352287
91: 182053.jpg 6 0.8045067538266322 0.8775040928853819 0.9232140750819993 0.7639489251295366
92: 227092.jpg 3 0.805262786901653 0.8740617967285441 0.8831409615793181 0.7652444907431212
93: 14037.jpg 5 0.8062424640141574 0.8963727583645749 0.8823012663546536 0.7665031657496968
94: 86000.jpg 10 0.8064743978638417 0.8280442458844716 0.8249330605324745 0.7671247603750455
95: 376043.jpg 5 0.8071829128430481 0.873783320888449 0.7360214658734827 0.7667973572750291
96: 97033.jpg 14 0.8067111859506878 0.761897131176464 0.7554666807139326 0.7666793293941843
97: 229036.jpg 5 0.8052948457445591 0.6693261859562039 0.5783995657059189 0.7647383009025527
98: 102061.jpg 8 0.8056598083056625 0.8410611767326939 0.8350599538386572 0.7654558687896558
99: 302008.jpg 14 0.8060173113286522 0.8410526075816376 0.8461850199096336 0.7662713147605646
100: 78004.jpg 10 0.8067855817009427 0.8828443485577038 0.8952797369060503 0.7675613989820196
GeST PRI: 0.8067855817009427

