==> 101085_ev4.txt <==
  0.166667   0.971666    1.04047
  0.333333   0.965051    1.11387
       0.5   0.903263    1.59375
  0.666667   0.878404    1.78451
  0.833333   0.877589    1.79954

==> 101087_ev4.txt <==
  0.166667   0.939448     1.4226
  0.333333   0.919865    1.43484
       0.5   0.898853    1.66359
  0.666667    0.78821    2.01468
  0.833333   0.668372    2.44012

==> 102061_ev4.txt <==
  0.166667    0.87195     1.3997
  0.333333   0.838124    1.18336
       0.5   0.655384    1.36381
  0.666667   0.655384    1.36381
  0.833333   0.655091     1.3631

==> 103070_ev4.txt <==
  0.166667   0.753972    2.50042
  0.333333   0.618857    2.43586
       0.5    0.59041    2.51084
  0.666667   0.198071    2.92398
  0.833333   0.198071    2.92398

==> 105025_ev4.txt <==
  0.166667   0.917791    1.13688
  0.333333   0.750736    1.58467
       0.5   0.654076    1.85634
  0.666667   0.654045     1.8521
  0.833333   0.212529    2.39645

==> 106024_ev4.txt <==
  0.166667   0.798298    1.30952
  0.333333   0.760111    1.23521
       0.5   0.758614    1.20487
  0.666667   0.758614    1.20487
  0.833333   0.379147     1.8344

==> 108005_ev4.txt <==
  0.166667   0.721982    3.08029
  0.333333   0.635041    2.56231
       0.5   0.363413     2.3821
  0.666667   0.290388    2.29716
  0.833333   0.290388    2.29716

==> 108070_ev4.txt <==
  0.166667   0.674742    2.35534
  0.333333   0.517948    1.78553
       0.5   0.481592    1.56439
  0.666667   0.481592    1.56439
  0.833333   0.481592    1.56439

==> 108082_ev4.txt <==
  0.166667   0.632071    3.02742
  0.333333    0.48941    2.40032
       0.5   0.397793    1.73523
  0.666667   0.386798    1.65879
  0.833333   0.386798    1.65879

==> 109053_ev4.txt <==
  0.166667   0.722696    2.36195
  0.333333   0.400832    2.46515
       0.5   0.400832    2.46515
  0.666667   0.295817    2.24092
  0.833333   0.295817    2.24092

==> 119082_ev4.txt <==
  0.166667    0.88993    2.32813
  0.333333   0.839895      2.375
       0.5   0.796368    2.32512
  0.666667    0.67961    2.62834
  0.833333   0.669775    2.61253

==> 12084_ev4.txt <==
  0.166667   0.505483    3.91851
  0.333333   0.426099    2.44201
       0.5   0.449789    1.80147
  0.666667   0.493151    1.38239
  0.833333   0.496167    1.34487

==> 123074_ev4.txt <==
  0.166667   0.782447     1.6323
  0.333333   0.683062    1.80412
       0.5   0.215272    2.47355
  0.666667   0.215272    2.47355
  0.833333   0.215272    2.47355

==> 126007_ev4.txt <==
  0.166667   0.941849     1.2341
  0.333333   0.834601    1.39644
       0.5   0.834057    1.35497
  0.666667   0.382018    2.37284
  0.833333   0.281635    2.58891

==> 130026_ev4.txt <==
  0.166667   0.722615    1.62022
  0.333333   0.757649    1.17115
       0.5   0.554189    1.15124
  0.666667   0.549232    1.14116
  0.833333     0.5481     1.1421

==> 134035_ev4.txt <==
  0.166667    0.54967    2.91945
  0.333333   0.491852    2.20651
       0.5    0.45982    2.07146
  0.666667   0.418387    2.05135
  0.833333   0.418387    2.05135

==> 14037_ev4.txt <==
  0.166667   0.899956    1.12846
  0.333333   0.901641    1.00044
       0.5   0.762709    1.47839
  0.666667   0.538127    2.05877
  0.833333   0.538127    2.05877

==> 143090_ev4.txt <==
  0.166667   0.886101    1.30303
  0.333333   0.913373   0.813377
       0.5   0.913323   0.808131
  0.666667   0.906646   0.864727
  0.833333   0.898526   0.938552

==> 145086_ev4.txt <==
  0.166667   0.905974    1.36348
  0.333333   0.892478    1.31387
       0.5   0.904924    1.17221
  0.666667   0.899529    1.20054
  0.833333   0.557182    2.16525

==> 147091_ev4.txt <==
  0.166667   0.791336    1.52164
  0.333333   0.906451   0.977589
       0.5   0.873768    1.00759
  0.666667   0.876089   0.854344
  0.833333   0.876089   0.854344

==> 148026_ev4.txt <==
  0.166667   0.801025    2.33347
  0.333333   0.835507    1.53625
       0.5   0.834106    1.50576
  0.666667   0.833853    1.49288
  0.833333   0.833853    1.49288

==> 148089_ev4.txt <==
  0.166667   0.798831    2.95621
  0.333333   0.734897    2.66092
       0.5   0.655109    2.70257
  0.666667    0.31206    2.83254
  0.833333   0.228337    2.67958

==> 156065_ev4.txt <==
  0.166667    0.71123    1.74058
  0.333333   0.656031    1.93001
       0.5   0.629712    2.02435
  0.666667   0.631715    1.83043
  0.833333   0.459172    1.75427

==> 157055_ev4.txt <==
  0.166667   0.882826    2.31384
  0.333333   0.879582    1.98517
       0.5   0.704006    2.52982
  0.666667   0.671257    2.55771
  0.833333   0.449288    3.16768

==> 159008_ev4.txt <==
  0.166667    0.73869    2.88905
  0.333333   0.722992    2.33758
       0.5   0.702036    2.18902
  0.666667   0.646706    2.01994
  0.833333   0.415792    2.26603

==> 160068_ev4.txt <==
  0.166667     0.9168     1.5568
  0.333333   0.914864    1.23431
       0.5   0.872365    1.28296
  0.666667   0.678664    1.56946
  0.833333    0.22659    2.37496

==> 16077_ev4.txt <==
  0.166667    0.76871    2.85726
  0.333333   0.579044    2.64678
       0.5   0.425132    2.65852
  0.666667   0.341238    2.48391
  0.833333   0.334545    2.47048

==> 163085_ev4.txt <==
  0.166667   0.525223    2.53923
  0.333333   0.486607    2.14039
       0.5   0.261824    2.13274
  0.666667   0.261824    2.13274
  0.833333   0.261824    2.13274

==> 167062_ev4.txt <==
  0.166667    0.98817   0.142118
  0.333333   0.977145   0.185711
       0.5   0.977145   0.185711
  0.666667   0.979986   0.154141
  0.833333   0.979986   0.154141

==> 167083_ev4.txt <==
  0.166667   0.926272   0.693207
  0.333333   0.971882    0.34213
       0.5   0.821607   0.771226
  0.666667   0.821607   0.771226
  0.833333   0.609848     1.3273

==> 170057_ev4.txt <==
  0.166667   0.450714    2.57855
  0.333333   0.374783    2.64529
       0.5   0.278382    2.85463
  0.666667   0.172875    3.03976
  0.833333   0.172875    3.03976

==> 175032_ev4.txt <==
  0.166667   0.770077    1.96536
  0.333333   0.399087    2.31952
       0.5   0.395513    2.28381
  0.666667   0.395513    2.28381
  0.833333   0.303123    2.28178

==> 175043_ev4.txt <==
  0.166667   0.508789    2.25048
  0.333333   0.584993    1.69781
       0.5   0.799364    1.06255
  0.666667   0.799364    1.06255
  0.833333   0.799364    1.06255

==> 182053_ev4.txt <==
  0.166667   0.935106    1.63498
  0.333333   0.889536    1.61663
       0.5   0.848025    1.55651
  0.666667    0.22446    2.73349
  0.833333    0.22446    2.73349

==> 189080_ev4.txt <==
  0.166667   0.882787    1.41917
  0.333333   0.919258   0.997226
       0.5   0.891663    1.10389
  0.666667   0.875996    1.05526
  0.833333   0.873387    1.07118

==> 19021_ev4.txt <==
  0.166667   0.878316    1.99002
  0.333333   0.837313    1.56247
       0.5   0.602078     2.0652
  0.666667   0.343635    2.57293
  0.833333   0.343635    2.57293

==> 196073_ev4.txt <==
  0.166667   0.917669   0.323925
  0.333333   0.917519   0.272521
       0.5   0.917519   0.272521
  0.666667   0.917519   0.272521
  0.833333   0.917519   0.272521

==> 197017_ev4.txt <==
  0.166667   0.916684    1.12465
  0.333333    0.89891    1.09511
       0.5   0.894795     1.0457
  0.666667   0.808865    1.08119
  0.833333   0.808865    1.08119

==> 208001_ev4.txt <==
  0.166667   0.844435    2.26007
  0.333333   0.813234    2.06277
       0.5   0.641113    2.53177
  0.666667   0.637276    2.53749
  0.833333   0.631803    2.59043

==> 210088_ev4.txt <==
  0.166667   0.345341    4.22278
  0.333333   0.416203    3.08474
       0.5   0.565803    1.93145
  0.666667    0.66424    1.30435
  0.833333   0.695878    1.10651

==> 21077_ev4.txt <==
  0.166667   0.761337    2.09738
  0.333333    0.77435     1.7803
       0.5   0.849419    1.25194
  0.666667   0.790678    1.38506
  0.833333   0.531967    1.91699

==> 216081_ev4.txt <==
  0.166667   0.915628    2.20912
  0.333333   0.893059    2.40672
       0.5    0.85166    2.59674
  0.666667   0.764815    2.86474
  0.833333   0.723873    2.90401

==> 219090_ev4.txt <==
  0.166667   0.963005   0.892566
  0.333333   0.955874   0.758789
       0.5   0.703236    1.40038
  0.666667   0.703236    1.40038
  0.833333   0.703236    1.40038

==> 220075_ev4.txt <==
  0.166667   0.803575    2.82824
  0.333333   0.771928    2.41799
       0.5   0.769387    2.30941
  0.666667   0.722128     2.0313
  0.833333   0.716404    2.01629

==> 223061_ev4.txt <==
  0.166667   0.793487    1.47953
  0.333333   0.791885    1.35426
       0.5   0.703789    1.57708
  0.666667   0.328039    2.27166
  0.833333   0.328039    2.27166

==> 227092_ev4.txt <==
  0.166667   0.923362   0.809192
  0.333333   0.739893    1.52772
       0.5   0.732394    1.57089
  0.666667   0.732394    1.57089
  0.833333   0.732394    1.57089

==> 229036_ev4.txt <==
  0.166667   0.920102   0.888196
  0.333333   0.882559    1.03773
       0.5   0.860801    1.16847
  0.666667   0.814461    1.35883
  0.833333   0.788886    1.52129

==> 236037_ev4.txt <==
  0.166667   0.569984    2.36243
  0.333333    0.37099     2.1765
       0.5   0.359277    2.01826
  0.666667   0.359277    2.01826
  0.833333   0.359277    2.01826

==> 24077_ev4.txt <==
  0.166667   0.902432    2.63274
  0.333333   0.902061    2.35259
       0.5   0.877493    2.17114
  0.666667    0.80858    2.53658
  0.833333   0.101703    3.79492

==> 241004_ev4.txt <==
  0.166667   0.935905    1.05128
  0.333333   0.831978    1.57793
       0.5   0.831978    1.57793
  0.666667   0.831978    1.57793
  0.833333   0.732303    1.94869

==> 241048_ev4.txt <==
  0.166667    0.78774    2.21077
  0.333333   0.668143    2.33056
       0.5   0.615176    2.38533
  0.666667    0.61741    2.33008
  0.833333   0.345801    2.81852

==> 253027_ev4.txt <==
  0.166667    0.89773    1.14023
  0.333333   0.908891   0.966366
       0.5   0.895473   0.981005
  0.666667   0.516162    1.57454
  0.833333   0.516162    1.57454

==> 253055_ev4.txt <==
  0.166667   0.888385   0.930882
  0.333333   0.919762   0.698401
       0.5   0.944674   0.549643
  0.666667   0.944674   0.549643
  0.833333   0.944674   0.549643

==> 260058_ev4.txt <==
  0.166667   0.907937    0.89745
  0.333333   0.890854   0.916221
       0.5   0.885334   0.948234
  0.666667   0.888837   0.803445
  0.833333   0.888837   0.803445

==> 271035_ev4.txt <==
  0.166667   0.849385    2.75053
  0.333333   0.803683    2.62204
       0.5    0.59034     2.8186
  0.666667   0.577913    2.81957
  0.833333   0.480716    2.89064

==> 285079_ev4.txt <==
  0.166667    0.79705    2.16112
  0.333333   0.585287    2.37388
       0.5   0.582881    2.38075
  0.666667   0.567021    2.41196
  0.833333   0.549211     2.4408

==> 291000_ev4.txt <==
  0.166667    0.80183    1.50334
  0.333333   0.775001    1.24905
       0.5   0.773125    1.22818
  0.666667    0.75733    1.22692
  0.833333    0.75733    1.22692

==> 295087_ev4.txt <==
  0.166667   0.912738    1.48927
  0.333333   0.896859    1.33081
       0.5   0.855391    1.30621
  0.666667   0.845619    1.36328
  0.833333   0.741687    1.41766

==> 296007_ev4.txt <==
  0.166667   0.835901    1.27601
  0.333333    0.77874     1.4895
       0.5   0.700355    1.72419
  0.666667   0.235108     2.5973
  0.833333   0.235108     2.5973

==> 296059_ev4.txt <==
  0.166667    0.84251    1.54778
  0.333333   0.794209    1.45468
       0.5   0.779111    1.51328
  0.666667   0.779111    1.51328
  0.833333   0.777466    1.53733

==> 299086_ev4.txt <==
  0.166667   0.854942    1.34004
  0.333333   0.877866    1.08475
       0.5   0.805919    1.20103
  0.666667   0.785503    1.30834
  0.833333   0.785503    1.30834

==> 300091_ev4.txt <==
  0.166667   0.897252     0.6225
  0.333333   0.900118   0.577249
       0.5   0.690165   0.931668
  0.666667   0.690153   0.923062
  0.833333   0.649743    1.02316

==> 302008_ev4.txt <==
  0.166667   0.759696    1.88616
  0.333333   0.763346    1.62351
       0.5   0.765108    1.55774
  0.666667    0.62328    1.95296
  0.833333   0.560653    2.11076

==> 304034_ev4.txt <==
  0.166667   0.517631    2.57133
  0.333333    0.83412   0.742136
       0.5   0.837608   0.716883
  0.666667   0.610735    1.12332
  0.833333    0.62945    1.00837

==> 304074_ev4.txt <==
  0.166667   0.868034    1.50866
  0.333333   0.834415    1.39721
       0.5   0.829593    1.35081
  0.666667   0.829593    1.35081
  0.833333   0.691459    1.73066

==> 306005_ev4.txt <==
  0.166667   0.817179    1.71171
  0.333333   0.740449     1.7978
       0.5    0.41031    2.04191
  0.666667   0.404635    2.04108
  0.833333   0.404635    2.04108

==> 3096_ev4.txt <==
  0.166667   0.872917   0.465743
  0.333333   0.873031   0.425414
       0.5   0.873031   0.425414
  0.666667   0.873031   0.425414
  0.833333   0.771044   0.659817

==> 33039_ev4.txt <==
  0.166667   0.906944    1.65791
  0.333333   0.334106     2.6381
       0.5   0.284664    2.72243
  0.666667   0.284664    2.72243
  0.833333   0.284664    2.72243

==> 351093_ev4.txt <==
  0.166667   0.890659    1.48434
  0.333333   0.750813    1.67199
       0.5   0.743358    1.72637
  0.666667   0.372569    2.37022
  0.833333   0.372569    2.37022

==> 361010_ev4.txt <==
  0.166667   0.887182    1.61522
  0.333333   0.893251    1.28245
       0.5    0.88174    1.40791
  0.666667   0.889314    1.27088
  0.833333   0.763714    1.69294

==> 37073_ev4.txt <==
  0.166667   0.712807    2.42878
  0.333333   0.649828    2.55229
       0.5   0.642457    2.53997
  0.666667   0.619241    2.56641
  0.833333   0.323894    3.01245

==> 376043_ev4.txt <==
  0.166667   0.921921    1.12865
  0.333333   0.891089    1.19264
       0.5   0.890858    1.18746
  0.666667   0.693098    1.48105
  0.833333   0.311706    2.20297

==> 38082_ev4.txt <==
  0.166667   0.673564    2.18455
  0.333333   0.382972    2.23899
       0.5   0.382972    2.23899
  0.666667   0.317711    2.31624
  0.833333   0.317711    2.31624

==> 38092_ev4.txt <==
  0.166667   0.916798    1.33448
  0.333333   0.922157    1.15212
       0.5   0.892077    1.24864
  0.666667   0.884408    1.33965
  0.833333    0.59363    2.15299

==> 385039_ev4.txt <==
  0.166667   0.869674    1.80182
  0.333333   0.795835    2.16797
       0.5   0.524063    2.47442
  0.666667   0.524302    2.46239
  0.833333   0.354055    2.65302

==> 41033_ev4.txt <==
  0.166667    0.89894      1.306
  0.333333   0.655189    1.59181
       0.5   0.579219    1.89393
  0.666667   0.579219    1.89393
  0.833333   0.216442    2.50137

==> 41069_ev4.txt <==
  0.166667   0.675575    1.80562
  0.333333   0.672766    1.68843
       0.5   0.598762    1.72213
  0.666667   0.343581     2.0023
  0.833333   0.343581     2.0023

==> 42012_ev4.txt <==
  0.166667   0.640852    2.72033
  0.333333   0.551228    2.81395
       0.5    0.24726    3.32914
  0.666667   0.156023    3.38147
  0.833333    0.12878    3.41696

==> 42049_ev4.txt <==
  0.166667   0.979445   0.645961
  0.333333   0.972497   0.653563
       0.5   0.970838     0.6133
  0.666667   0.967885   0.628174
  0.833333   0.942575   0.805478

==> 43074_ev4.txt <==
  0.166667   0.528944    1.30724
  0.333333   0.528677    1.28805
       0.5   0.414439    1.52061
  0.666667      0.404     1.5381
  0.833333      0.404     1.5381

==> 45096_ev4.txt <==
  0.166667   0.843961    1.13211
  0.333333   0.825496    1.13495
       0.5   0.824428    1.13323
  0.666667   0.812915     1.1824
  0.833333   0.603634    1.37921

==> 54082_ev4.txt <==
  0.166667   0.818439    2.02458
  0.333333      0.637    1.90191
       0.5   0.628794    1.96189
  0.666667   0.246784    2.64435
  0.833333   0.229191    2.67042

==> 55073_ev4.txt <==
  0.166667   0.753335    2.16415
  0.333333   0.658312    2.29057
       0.5   0.651061    2.24549
  0.666667   0.278154    2.89599
  0.833333   0.196312    2.96374

==> 58060_ev4.txt <==
  0.166667   0.761324    2.45394
  0.333333   0.687445    2.28273
       0.5   0.553944    1.89299
  0.666667   0.547755    1.86999
  0.833333   0.547755    1.86999

==> 62096_ev4.txt <==
  0.166667   0.919647    0.81324
  0.333333   0.877073   0.976778
       0.5   0.877073   0.976778
  0.666667   0.877073   0.976778
  0.833333   0.882041   0.758325

==> 65033_ev4.txt <==
  0.166667   0.868055     2.1548
  0.333333    0.86359    1.95364
       0.5   0.680325    2.22179
  0.666667   0.619357    2.28035
  0.833333   0.602655    2.29916

==> 66053_ev4.txt <==
  0.166667   0.869783    1.78236
  0.333333   0.859858       1.75
       0.5   0.737971    1.91366
  0.666667   0.737703    1.79314
  0.833333   0.708694    1.84956

==> 69015_ev4.txt <==
  0.166667   0.842282    2.46911
  0.333333   0.775892    2.58328
       0.5    0.49656    2.62952
  0.666667   0.230035    2.92076
  0.833333   0.191819     2.9342

==> 69020_ev4.txt <==
  0.166667    0.85964    1.53325
  0.333333     0.8221     1.3557
       0.5   0.822133    1.35275
  0.666667   0.672009     1.4328
  0.833333   0.672009     1.4328

==> 69040_ev4.txt <==
  0.166667   0.529646    1.76757
  0.333333   0.625963    1.16893
       0.5   0.625963    1.16893
  0.666667   0.625963    1.16893
  0.833333   0.625963    1.16893

==> 76053_ev4.txt <==
  0.166667   0.601982    2.99355
  0.333333    0.61451    2.17749
       0.5   0.520974    2.01698
  0.666667   0.485316    2.03542
  0.833333   0.435607     2.0469

==> 78004_ev4.txt <==
  0.166667   0.939663    1.35936
  0.333333   0.849879    1.66344
       0.5   0.845734    1.66767
  0.666667   0.834297    1.80188
  0.833333   0.757527    1.97707

==> 8023_ev4.txt <==
  0.166667   0.612117    1.11491
  0.333333   0.614259    1.04149
       0.5    0.54361    1.14035
  0.666667    0.54361    1.14035
  0.833333    0.54361    1.14035

==> 85048_ev4.txt <==
  0.166667    0.93465    1.78901
  0.333333   0.876988    1.87992
       0.5    0.85903    1.91503
  0.666667   0.701309    2.37784
  0.833333    0.58689    2.71938

==> 86000_ev4.txt <==
  0.166667   0.837997    2.82458
  0.333333   0.844856    2.29181
       0.5   0.847313    1.99078
  0.666667   0.849553    1.87345
  0.833333   0.822976    1.65555

==> 86016_ev4.txt <==
  0.166667   0.495852    2.20892
  0.333333   0.495852    2.20892
       0.5   0.495852    2.20892
  0.666667   0.224994    2.78809
  0.833333   0.224994    2.78809

==> 86068_ev4.txt <==
  0.166667   0.795956   0.799986
  0.333333    0.78286   0.751733
       0.5   0.794095   0.642787
  0.666667   0.794095   0.642787
  0.833333   0.794095   0.642787

==> 87046_ev4.txt <==
  0.166667   0.714547    2.50284
  0.333333    0.68264    1.93414
       0.5   0.392865    2.12809
  0.666667   0.392865    2.12809
  0.833333   0.370104    1.98363

==> 89072_ev4.txt <==
  0.166667   0.817251    2.59927
  0.333333    0.75297    2.63666
       0.5    0.64506    2.73563
  0.666667    0.23749    2.85889
  0.833333    0.23749    2.85889

==> 97033_ev4.txt <==
  0.166667   0.844245    1.48728
  0.333333   0.864493    1.22162
       0.5   0.855756    1.27942
  0.666667    0.82425    1.42825
  0.833333    0.82425    1.42825
