1: 299086.jpg 2 0.7837001947489334 0.7837001947489334 0.8278627394188869 0.8278627394188869
2: 241004.jpg 6 0.8101574275439101 0.8366146603388869 0.9124491651390348 0.8701559522789608
3: 3096.jpg 2 0.8269374929997176 0.8604976239113327 0.8335682146109485 0.8579600397229568
4: 351093.jpg 9 0.8322630490871072 0.8482397173492762 0.8568130954546624 0.8576733036558832
5: 54082.jpg 10 0.8271237347921819 0.8065664776124803 0.845045432955631 0.8551477295158327
6: 19021.jpg 18 0.8326149121281319 0.8600707988078817 0.8773946569985502 0.8588555507629523
7: 296059.jpg 4 0.8258421093893711 0.7852052929568062 0.8560446323185174 0.8584539909851759
8: 210088.jpg 2 0.7954634837738138 0.5828131044649132 0.33315637927591346 0.7927917895215181
9: 86068.jpg 4 0.7499323151425713 0.3856829660926315 0.4045620789658367 0.7496551550153313
10: 69040.jpg 8 0.7185449228378579 0.43605839209543634 0.39879380417245414 0.7145690199310436
11: 159008.jpg 12 0.7184684245215697 0.7177034413586881 0.7259102159396333 0.7156000377500062
12: 108070.jpg 12 0.7062583262811764 0.5719472456368491 0.5466446223418041 0.7015204197993228
13: 170057.jpg 2 0.6982725352183154 0.6024430424639857 0.7906977835924376 0.7083802170141777
14: 167062.jpg 2 0.7171900606750614 0.9631178916127586 0.8431347491541187 0.7180055407384592
15: 69015.jpg 20 0.7248213718022154 0.8316597275823705 0.7872410634672995 0.7226212422537153
16: 157055.jpg 19 0.734041901852875 0.8723498526127698 0.8648114789116678 0.7315081320448373
17: 296007.jpg 3 0.7402298879860129 0.8392376661162192 0.8648911618938009 0.7393541926241881
18: 76053.jpg 6 0.7332058599892362 0.6137973840440307 0.6147498172362102 0.732431727324856
19: 119082.jpg 6 0.7386191715655346 0.836058779938907 0.8963937259896536 0.7410613062019505
20: 108005.jpg 2 0.7186461990442222 0.33915972113928633 0.7105394145108929 0.7395352116173977
21: 295087.jpg 9 0.7224952058675124 0.7994753423333153 0.8629762887116526 0.7454133581456955
22: 148089.jpg 6 0.7250920471426138 0.7796257139197433 0.8182173802499936 0.7487226318777092
23: 271035.jpg 17 0.7299154815575402 0.8360310386859222 0.8462621357589398 0.7529634798725452
24: 130026.jpg 2 0.721621282932536 0.5308547145574408 0.49058928596297247 0.7420312217929796
25: 41069.jpg 9 0.7236398140042651 0.7720845597257636 0.6942567139874292 0.7401202414807577
26: 219090.jpg 11 0.7271156888626764 0.8140125603229569 0.8731359129026555 0.7452362288431383
27: 253055.jpg 3 0.7297098323215784 0.7971575622530299 0.7270435055002631 0.7445624242748837
28: 69020.jpg 7 0.7324661244226399 0.806886011151301 0.7193193028126446 0.7436608842226609
29: 189080.jpg 6 0.7359010570432853 0.8320791704213573 0.8374718975987194 0.7468957467528698
30: 175043.jpg 2 0.7396735562963761 0.8490760346360077 0.25652133670977795 0.7305499330847668
31: 143090.jpg 6 0.7405344297752383 0.7663606341411049 0.8725227126438447 0.7351297001673176
32: 306005.jpg 9 0.7425027153578473 0.8035195684187257 0.7999529465080044 0.7371554266154641
33: 167083.jpg 8 0.7454202426041078 0.8387811144844461 0.7796081465317096 0.7384418726735321
34: 361010.jpg 3 0.7463005054365686 0.7753491789077718 0.8560032863421076 0.7418995613108432
35: 8023.jpg 4 0.7446864748031229 0.689809433265973 0.6385129457167131 0.7389456580081538
36: 38092.jpg 5 0.7482687298268869 0.8736476556586237 0.8565145622597077 0.7422114609040302
37: 12084.jpg 20 0.7424719576362204 0.5337881587722273 0.4988072468455986 0.7356329686321808
38: 216081.jpg 18 0.7464766133305927 0.8946488740223668 0.9150152391023536 0.7403535546971853
39: 106024.jpg 4 0.7454894592840903 0.7079776055169982 0.732503688783191 0.7401522760840059
40: 89072.jpg 10 0.7475982819423537 0.8298423656146283 0.8365883023019964 0.7425631767394557
41: 86016.jpg 2 0.7415232404967149 0.4985215826711638 0.7294978487481273 0.7422445102030819
42: 43074.jpg 6 0.7408077459401367 0.7114724691204282 0.8256952986760503 0.7442314337381526
43: 253027.jpg 10 0.7362068271257178 0.5429682369201279 0.655478177642746 0.7421674045266314
44: 385039.jpg 13 0.7384663353915388 0.8356251908218398 0.8615679158800316 0.744881052511936
45: 220075.jpg 13 0.7394067923027828 0.7807868963975206 0.7965842811462636 0.7460300131482543
46: 134035.jpg 2 0.7343218576896049 0.5054998000965992 0.6046169130357789 0.7429558153197223
47: 16077.jpg 3 0.7311547754948523 0.585468994536231 0.7708729277807772 0.743549796435915
48: 285079.jpg 2 0.7252922008333778 0.4497511917440734 0.8291245674702166 0.7453326041657963
49: 147091.jpg 14 0.7239995641148715 0.6619530016265767 0.6894319262644041 0.7441917740045434
50: 58060.jpg 14 0.7241789226431559 0.7329674905290856 0.7174278761315709 0.743656496047084
51: 65033.jpg 13 0.725532320362575 0.7932022063335318 0.836082137847573 0.745468763533368
52: 160068.jpg 4 0.7272045925269479 0.8124904729099682 0.910768824653576 0.7486476108626028
53: 197017.jpg 4 0.7293523974895402 0.8410382555443328 0.829386274042562 0.7501709818659983
54: 196073.jpg 4 0.7228537551024639 0.37842570858741986 0.9231339327448715 0.7533739994748663
55: 38082.jpg 15 0.7220118778359009 0.6765505054415035 0.6359592895734487 0.7512391865675677
56: 55073.jpg 4 0.7207732986400213 0.6526514428666383 0.8148453368328678 0.7523750106794481
57: 223061.jpg 3 0.7210395333190942 0.735948675347179 0.73191875566056 0.7520161290124501
58: 101087.jpg 10 0.7240933796904798 0.8981626228594657 0.9385415369198963 0.7552320843211991
59: 87046.jpg 5 0.7224511801348619 0.6272036059090197 0.6832348103869095 0.7540117915426519
60: 45096.jpg 9 0.7207435823429916 0.619995312622643 0.8463393623319778 0.7555505843891406
61: 163085.jpg 3 0.7195691075975613 0.6491006228717479 0.7994183704010347 0.7562697284221225
62: 41033.jpg 14 0.7222486697501826 0.8857019610600794 0.7109042522443325 0.7555380271934484
63: 66053.jpg 5 0.7235474849770284 0.804074029041464 0.7876870833912625 0.7560483296727789
64: 208001.jpg 14 0.724925051923457 0.8117117695484601 0.8327019795839465 0.7572460429526409
65: 236037.jpg 17 0.723784746535196 0.6508052016864907 0.6723994374147151 0.7559407105597497
66: 300091.jpg 3 0.724044238839382 0.740911238611471 0.5491079326011775 0.7528068805906805
67: 123074.jpg 6 0.7246521355537919 0.7647733187048475 0.8206631011410199 0.7538196600018795
68: 304034.jpg 4 0.7246323515014018 0.7233068199912662 0.4224670449327609 0.7489468274273337
69: 175032.jpg 2 0.7205195559007197 0.44084945505433615 0.7052524307625998 0.7483135753017578
70: 62096.jpg 5 0.7228969859968528 0.8869396626300408 0.7374818690434399 0.7481588366409246
71: 156065.jpg 16 0.7210866371104545 0.5943622150625686 0.5930819496390413 0.7459746551338559
72: 33039.jpg 8 0.7215578111426073 0.7550111674254574 0.7549364131175424 0.7460991239947404
73: 42049.jpg 2 0.7190787773005889 0.5405883406752614 0.9610443521450251 0.7490435791748813
74: 109053.jpg 5 0.7184180597110947 0.6701856756780248 0.7463723098822852 0.7490074809411976
75: 145086.jpg 12 0.7201935546326956 0.8515801788311596 0.8667605320349981 0.7505775216224483
76: 37073.jpg 2 0.7184557810884374 0.5881227652690778 0.7524108667247014 0.75060164458432
77: 260058.jpg 2 0.7207155205879965 0.8924557225544827 0.7541517938972783 0.7506477504195532
78: 103070.jpg 4 0.7202319761209953 0.6829990521619014 0.7833325235349593 0.7510667859723148
79: 291000.jpg 16 0.7207526510710122 0.7613652971723284 0.7409830933301226 0.7509391442932998
80: 105025.jpg 20 0.7224132746533629 0.8536025376590723 0.8712328138193955 0.752442815162376
81: 108082.jpg 2 0.7202815740488654 0.5497455256890635 0.6458230838795944 0.7511265221835762
82: 241048.jpg 6 0.7214109327292788 0.8128889858427654 0.8858088353343303 0.752768989417122
83: 101085.jpg 6 0.7207553891753303 0.6670008177515563 0.9015881087242281 0.754561990854557
84: 148026.jpg 17 0.72176658961604 0.805696226194943 0.7803512765679489 0.7548690061606688
85: 42012.jpg 2 0.7185891634237611 0.45168536327233244 0.8649144208910563 0.7561636580986734
86: 24077.jpg 5 0.7191867006138386 0.7699773617704226 0.9144141690738465 0.7580037803193149
87: 126007.jpg 7 0.721477214437714 0.9184614032909998 0.9153857112290844 0.7598127680309215
88: 21077.jpg 2 0.7196079437490175 0.556981393832418 0.7374196660985679 0.7595583009635083
89: 85048.jpg 17 0.7217469221549941 0.9099770218809489 0.9037105173249669 0.7611779887877944
90: 304074.jpg 5 0.7229668354240191 0.8315391163672361 0.8512971095921318 0.762179312352287
91: 182053.jpg 6 0.7245097201118851 0.863369342019819 0.9232140750819993 0.7639489251295366
92: 227092.jpg 3 0.7263172855002522 0.8908057358416663 0.8831409615793181 0.7652444907431212
93: 14037.jpg 6 0.7279599455327218 0.879084668519926 0.8823012663546536 0.7665031657496968
94: 86000.jpg 17 0.7288570263332531 0.8122855407826595 0.8249330605324745 0.7671247603750455
95: 376043.jpg 4 0.7303669424820693 0.8722990604707956 0.7360214658734827 0.7667973572750291
96: 97033.jpg 7 0.7306522686152463 0.7577582512670643 0.7554666807139326 0.7666793293941843
97: 229036.jpg 6 0.7295650575237052 0.6251927927357446 0.5783995657059189 0.7647383009025527
98: 102061.jpg 16 0.7300180520027535 0.773958516470453 0.8350599538386572 0.7654558687896558
99: 302008.jpg 9 0.730812487644336 0.8086671805194152 0.8461850199096336 0.7662713147605646
100: 78004.jpg 14 0.7323108813295292 0.8806518561636473 0.8952797369060503 0.7675613989820196
GeST PRI: 0.7323108813295292

